# 348 255112 189 0
1 766
1 286
1 294
1 522
1 165
1 598
1 10042
1 179
1 1233
1 293
1 779
1 122
1 166
1 1407
1 520
1 634
1 977
1 363
1 867
1 78
1 451
1 272
1 273
1 1441
1 3653
1 925
1 188
1 351
1 64
1 131
1 358
1 477
1 763
1 623
1 141
1 100
1 46132930
1 178
1 239
1 561
1 119
1 275
1 184
1 488
1 963
1 231
1 3107
1 284
1 686
1 453
1 161
1 77
1 281042
1 72
1 551
1 48
1 158
1 970
1 202
1 2510
1 101
1 611
1 120
1 153
1 499
1 190
1 169
1 101
1 591
1 332
1 235
1 196
1 175
1 1489
1 265
1 242
1 156
1 415
1 1102
1 539
1 141
1 122
1 16126
1 385
1 367
1 6348
1 353
1 526
1 16205
1 183
1 214
1 289
1 135
1 199
1 322
1 191
1 300
1 221
1 271
1 1058
1 335
1 80
1 426
1 1055
1 203
1 174
1 476
1 526
1 102
1 347
1 4395
1 529
1 262
1 401
1 242
1 160
1 342
1 308
1 79
1 1448
1 1801
1 391
1 388
1 2136
1 274
1 125
1 64
1 2196
1 693
1 2010
1 200
1 234
1 1419948
1 219
1 276
1 349
1 5465
1 1075
1 1081
1 111
1 751639
1 115
1 213
1 391
1 383
1 686
1 869
1 2369
1 1030
1 259
1 431
1 759
1 191
1 284
1 352
1 1120
1 2274
1 64
1 413
1 389
1 52
1 1726
1 127
1 340
1 1061
1 267
1 876
1 154
1 2277433
1 198
1 359
1 2177
1 582
1 295
1 227
1 396
1 294
1 861
1 109
1 83
1 551
1 499
1 533
1 57
1 348
1 254
1 259
1 382
1 239
1 484
1 265
1 577
1 100
1 1541
1 134
1 3148
1 163
1 64
1 534
1 901
