# 623 156382 367 0
1 391
1 1356
1 462
1 1738
1 428
1 204
1 31944
1 839
1 277
1 292
1 5257
1 210
1 1710
1 449
1 462
1 1230
1 2181
1 260
1 264
1 354
1 139
1 496
1 374
1 86
1 269
1 923
1 414
1 319
1 3912
1 374
1 970
1 1518
1 737
1 622
1 158
1 251
1 8270106
1 595
1 170
1 1415
1 306
1 746
1 369
1 924
1 1139
1 573
1 462
1 955
1 2344
1 342
1 636
1 526
1 31024
1 258
1 4186
1 325
1 492
1 3529
1 797
1 13834
1 252
1 122
1 59
1 1154
1 903
1 3640
1 171
1 242
1 426
1 286
1 426
1 490
1 657
1 184
1 123
1 228
1 18434
1 2724
1 371
1 718
1 905
1 254
1 6758
1 460
1 2578
1 702
1 624
1 804
1 530
1 8394
1 540
1 962
1 1539
1 306
1 306
1 371
1 711
1 440
1 2906
1 10327
1 318
1 2055
1 536
1 1783
1 7266
1 211
1 774
1 167
1 202
1 687
1 1548
1 8358
1 296
1 176
1 479
1 708
1 250
1 928
1 125
1 2906
1 1351
1 1428
1 796
1 8121
1 1195
1 286
1 802
1 281
1 928
1 208
1 690
1 159
1 950
1 101
1 524
1 462
1 10369
1 866
1 2272
1 177
1 106108
1 310
1 220
1 560
1 228
1 8869
1 844
1 389
1 1739
1 478
1 1046
1 503
1 318
1 1032
1 1285
1 10420
1 3090
1 279
1 3640
1 685
1 1006
1 3370
1 132
1 776
1 1462
1 148
1 1076
1 2568
1 349
1 376
1 1788
1 3560
1 209
1 207
1 828
1 608
1 706
1 432
1 1498
1 5440
1 1389
1 770
1 188
1 472
1 488
1 523
1 21778158
1 1882
1 653
1 251
1 398
1 216
1 2052
1 330
1 610
1 1460
1 780955
1 3431
1 1694
1 320
